ADDF	A-S-r	A-S-f	B-S-r	B-S-f	CI-S-r	CI-S-f	A-CO-r	A-CO-f	B-CO-r	B-CO-f	CI-CO-r	CI-CO-f

XL	0.454	0.497	0.720	0.589	0.209	0.153	0.484	0.522	0.555	0.758	0.153	0.211
X1	0.202	0.271	0.236	0.308	0.159	0.141	0.247	0.244	0.284	0.263	0.128	0.168
X2	0.220	0.300	0.250	0.337	0.186	0.168	0.275	0.272	0.312	0.286	0.155	0.196
X4	0.269	0.362	0.289	0.400	0.249	0.226	0.338	0.324	0.374	0.330	0.217	0.252

XL	6.395	4.155	6.364	4.188	6.329	4.070	6.239	3.591	6.239	3.666	6.272	3.637
X1	4.529	2.584	4.535	2.583	4.531	2.585	4.515	2.502	4.513	2.458	4.527	2.521
X2	2.253	1.335	2.256	1.336	2.254	1.343	2.245	1.297	2.244	1.265	2.251	1.305
X4	1.117	0.688	1.119	0.687	1.118	0.698	1.110	0.668	1.110	0.641	1.115	0.672

ADDFH	A-S-r	A-S-f	B-S-r	B-S-f	CI-S-r	CI-S-f	A-CO-r	A-CO-f	B-CO-r	B-CO-f	CI-CO-r	CI-CO-f

XL	0.322	0.313	0.229	0.293	0.282	0.249	0.324	0.324	0.196	0.311	0.130	0.208
X1	0.217	0.245	0.159	0.193	0.179	0.177	0.217	0.242	0.140	0.182	0.101	0.145
X2	0.221	0.240	0.147	0.179	0.154	0.150	0.224	0.242	0.135	0.173	0.087	0.128
X4	0.236	0.266	0.166	0.208	0.177	0.182	0.238	0.266	0.150	0.196	0.098	0.151

XL	6.245	3.476	6.262	3.488	6.252	3.517	6.251	3.576	6.272	3.601	6.267	3.695
X1	4.519	2.476	4.522	2.475	4.522	2.482	4.520	2.478	4.517	2.455	4.523	2.498
X2	2.249	1.222	2.249	1.222	2.250	1.225	2.249	1.224	2.249	1.219	2.250	1.234
X4	1.063	0.671	1.064	0.671	1.064	0.673	1.064	0.672	1.063	0.667	1.064	0.676

ADDH	A-S-r	A-S-f	B-S-r	B-S-f	A-CO-r	A-CO-f	B-CO-r	B-CO-f

XL	0.124	0.129	0.060	0.076	0.070	0.091	0.068	0.083
X1	0.077	0.081	0.052	0.070	0.081	0.117	0.081	0.111
X2	0.065	0.073	0.049	0.066	0.074	0.102	0.072	0.096
X4	0.062	0.068	0.043	0.061	0.068	0.097	0.065	0.090

XL	7.069	3.917	6.981	3.716	6.242	3.308	6.242	3.303
X1	2.756	1.629	2.732	1.558	4.520	2.619	4.520	2.616
X2	1.348	0.803	1.337	0.770	2.219	1.222	2.219	1.221
X4	0.671	0.397	0.665	0.382	1.110	0.612	1.110	0.611

AND2	A-Y-r	A-Y-f	B-Y-r	B-Y-f

XL	0.079	0.092	0.083	0.101
X1	0.084	0.112	0.088	0.123
X2	0.068	0.090	0.072	0.099
X4	0.065	0.100	0.069	0.112

XL	6.250	3.318	6.247	3.324
X1	4.523	2.448	4.521	2.451
X2	2.261	1.220	2.261	1.221
X4	1.034	0.737	1.034	0.737

AND3	A-Y-r	A-Y-f	B-Y-r	B-Y-f	C-Y-r	C-Y-f

XL	0.095	0.111	0.104	0.122	0.107	0.134
X1	0.105	0.129	0.113	0.140	0.117	0.151
X2	0.087	0.109	0.096	0.120	0.099	0.131
X4	0.075	0.094	0.084	0.106	0.088	0.117

XL	6.260	3.135	6.258	3.145	6.259	3.156
X1	4.530	2.633	4.530	2.636	4.530	2.642
X2	2.242	1.228	2.241	1.230	2.242	1.232
X4	1.141	0.608	1.141	0.609	1.141	0.610

AND4	A-Y-r	A-Y-f	B-Y-r	B-Y-f	C-Y-r	C-Y-f	D-Y-r	D-Y-f

XL	0.102	0.109	0.114	0.122	0.121	0.135	0.125	0.145
X1	0.120	0.126	0.131	0.138	0.138	0.151	0.142	0.161
X2	0.097	0.107	0.108	0.119	0.114	0.131	0.117	0.141
X4	0.087	0.106	0.097	0.120	0.104	0.133	0.108	0.146

XL	6.272	3.353	6.273	3.364	6.271	3.376	6.272	3.393
X1	4.540	2.463	4.538	2.467	4.541	2.473	4.538	2.480
X2	2.284	1.217	2.284	1.219	2.284	1.222	2.284	1.225
X4	1.122	0.610	1.122	0.611	1.121	0.612	1.122	0.614

AOI21	A0-Y-r	A0-Y-f	A1-Y-r	A1-Y-f	B0-Y-r	B0-Y-f

XL	0.065	0.032	0.077	0.037	0.050	0.020
X1	0.058	0.029	0.070	0.034	0.051	0.020
X2	0.055	0.028	0.067	0.032	0.047	0.018
X4	0.050	0.026	0.062	0.030	0.045	0.017

XL	9.471	3.945	9.461	3.947	9.469	3.248
X1	6.838	2.729	6.832	2.730	6.836	2.405
X2	3.420	1.365	3.416	1.365	3.418	1.196
X4	1.714	0.684	1.712	0.684	1.713	0.602

AOI211	A0-Y-r	A0-Y-f	A1-Y-r	A1-Y-f	B0-Y-r	B0-Y-f	C0-Y-r	C0-Y-f

XL	0.104	0.040	0.121	0.045	0.077	0.024	0.101	0.030
X1	0.098	0.039	0.113	0.044	0.071	0.024	0.095	0.030
X2	0.094	0.038	0.110	0.042	0.067	0.022	0.093	0.029
X4	0.262	0.162	0.281	0.167	0.237	0.135	0.262	0.143

XL	12.248	3.980	12.234	3.985	12.249	3.246	12.237	3.261
X1	8.497	2.754	8.491	2.756	8.496	2.402	8.495	2.409
X2	4.269	1.375	4.265	1.378	4.269	1.194	4.267	1.198
X4	1.109	0.606	1.109	0.606	1.109	0.606	1.109	0.606

AOI22	A0-Y-r	A0-Y-f	A1-Y-r	A1-Y-f	B0-Y-r	B0-Y-f	B1-Y-r	B1-Y-f

XL	0.058	0.025	0.072	0.030	0.090	0.043	0.102	0.048
X1	0.055	0.023	0.068	0.028	0.085	0.041	0.097	0.046
X2	0.055	0.022	0.068	0.027	0.079	0.038	0.092	0.042
X4	0.055	0.022	0.065	0.027	0.074	0.037	0.086	0.041

XL	9.473	3.895	9.466	3.910	9.469	3.933	9.458	3.941
X1	6.726	2.717	6.722	2.719	6.725	2.731	6.720	2.734
X2	3.419	1.358	3.417	1.360	3.418	1.364	3.417	1.366
X4	1.697	0.681	1.648	0.682	1.648	0.683	1.647	0.684

AOI221	A0-Y-r	A0-Y-f	A1-Y-r	A1-Y-f	B0-Y-r	B0-Y-f	B1-Y-r	B1-Y-f	C0-Y-r	C0-Y-f

XL	0.127	0.045	0.144	0.049	0.149	0.050	0.164	0.054	0.082	0.025
X1	0.113	0.039	0.128	0.043	0.130	0.046	0.145	0.050	0.085	0.025
X2	0.104	0.035	0.119	0.040	0.121	0.041	0.137	0.046	0.075	0.022
X4	0.284	0.164	0.302	0.169	0.306	0.173	0.324	0.178	0.241	0.136

XL	12.018	3.949	12.004	3.955	12.019	4.043	12.004	4.050	12.012	3.253
X1	8.621	2.730	8.614	2.732	8.623	2.770	8.614	2.774	8.620	2.405
X2	4.311	1.366	4.307	1.367	4.311	1.387	4.308	1.388	4.309	1.196
X4	1.138	0.606	1.139	0.605	1.138	0.606	1.139	0.606	1.139	0.605

AOI222	A0-Y-r	A0-Y-f	A1-Y-r	A1-Y-f	B0-Y-r	B0-Y-f	B1-Y-r	B1-Y-f	C0-Y-r	C0-Y-f	C1-Y-r	C1-Y-f

XL	0.091	0.032	0.108	0.037	0.177	0.057	0.196	0.063	0.201	0.068	0.217	0.074
X1	0.091	0.030	0.108	0.035	0.153	0.049	0.169	0.054	0.171	0.061	0.186	0.067
X2	0.086	0.028	0.102	0.033	0.139	0.045	0.154	0.050	0.157	0.057	0.172	0.063
X4	0.237	0.155	0.256	0.159	0.328	0.181	0.346	0.187	0.350	0.194	0.367	0.200

XL	12.500	3.906	12.490	3.921	12.498	3.948	12.490	3.956	12.495	4.030	12.484	4.024
X1	8.646	2.715	8.641	2.724	8.645	2.729	8.638	2.733	8.644	2.766	8.638	2.765
X2	4.311	1.358	4.309	1.361	4.310	1.364	4.307	1.366	4.311	1.383	4.307	1.382
X4	1.130	0.610	1.130	0.610	1.130	0.610	1.130	0.610	1.130	0.610	1.131	0.610

AOI2BB1	A0N-Y-r	A0N-Y-f	A1N-Y-r	A1N-Y-f	B0-Y-r	B0-Y-f

XL	0.079	0.135	0.084	0.145	0.050	0.021
X1	0.080	0.154	0.083	0.166	0.048	0.023
X2	0.072	0.130	0.078	0.141	0.042	0.020
X4	0.069	0.126	0.075	0.135	0.040	0.020

XL	9.482	3.187	9.483	3.188	9.460	3.041
X1	6.838	2.566	6.838	2.566	6.828	2.494
X2	3.363	1.229	3.364	1.229	3.361	1.199
X4	1.649	0.613	1.649	0.613	1.647	0.600

AOI2BB2	A0N-Y-r	A0N-Y-f	A1N-Y-r	A1N-Y-f	B0-Y-r	B0-Y-f	B1-Y-r	B1-Y-f

XL	0.074	0.143	0.078	0.152	0.064	0.032	0.077	0.037
X1	0.071	0.148	0.076	0.157	0.061	0.030	0.074	0.034
X2	0.070	0.133	0.076	0.142	0.053	0.026	0.066	0.031
X4	0.065	0.120	0.072	0.130	0.051	0.026	0.062	0.031

XL	7.061	3.410	7.059	3.410	9.473	3.933	9.460	3.935
X1	5.134	2.475	5.136	2.475	6.892	2.729	6.888	2.731
X2	2.547	1.268	2.547	1.267	3.419	1.363	3.415	1.364
X4	1.229	0.610	1.229	0.610	1.648	0.684	1.647	0.684

AOI31	A0-Y-r	A0-Y-f	A1-Y-r	A1-Y-f	A2-Y-r	A2-Y-f	B0-Y-r	B0-Y-f

XL	0.066	0.036	0.082	0.043	0.096	0.046	0.071	0.020
X1	0.063	0.033	0.079	0.041	0.092	0.043	0.071	0.021
X2	0.064	0.033	0.079	0.039	0.093	0.042	0.066	0.019
X4	0.199	0.160	0.216	0.168	0.232	0.171	0.209	0.133

XL	9.474	4.442	9.466	4.444	9.468	4.444	9.475	3.264
X1	6.727	3.025	6.723	3.026	6.723	3.026	6.729	2.413
X2	3.421	1.515	3.418	1.516	3.419	1.516	3.421	1.200
X4	1.109	0.610	1.109	0.610	1.109	0.610	1.108	0.609

AOI32	A0-Y-r	A0-Y-f	A1-Y-r	A1-Y-f	A2-Y-r	A2-Y-f	B0-Y-r	B0-Y-f	B1-Y-r	B1-Y-f

XL	0.095	0.050	0.111	0.058	0.125	0.061	0.077	0.026	0.090	0.031
X1	0.090	0.046	0.105	0.053	0.119	0.056	0.074	0.024	0.087	0.029
X2	0.089	0.045	0.104	0.052	0.119	0.055	0.074	0.023	0.087	0.028
X4	0.227	0.174	0.245	0.183	0.260	0.186	0.210	0.149	0.224	0.152

XL	9.475	4.443	9.462	4.450	9.468	4.451	9.482	3.912	9.474	3.928
X1	6.727	3.026	6.721	3.030	6.722	3.030	6.731	2.725	6.726	2.729
X2	3.434	1.513	3.432	1.515	3.432	1.515	3.435	1.363	3.433	1.364
X4	1.109	0.606	1.109	0.606	1.109	0.606	1.108	0.606	1.109	0.606

AOI33	A0-Y-r	A0-Y-f	A1-Y-r	A1-Y-f	A2-Y-r	A2-Y-f	B0-Y-r	B0-Y-f	B1-Y-r	B1-Y-f	B2-Y-r	B2-Y-f

XL	0.091	0.034	0.106	0.042	0.121	0.045	0.126	0.062	0.141	0.071	0.155	0.074
X1	0.088	0.032	0.104	0.039	0.118	0.042	0.122	0.059	0.136	0.066	0.150	0.069
X2	0.083	0.029	0.098	0.036	0.114	0.040	0.120	0.059	0.135	0.066	0.150	0.070
X4	0.229	0.172	0.246	0.178	0.263	0.182	0.268	0.196	0.285	0.204	0.300	0.207

XL	9.480	4.422	9.472	4.434	9.476	4.435	9.478	4.442	9.467	4.442	9.473	4.442
X1	6.731	3.018	6.726	3.024	6.726	3.024	6.728	3.023	6.726	3.027	6.726	3.027
X2	3.437	1.542	3.435	1.545	3.433	1.544	3.436	1.545	3.433	1.547	3.433	1.547
X4	1.109	0.610	1.109	0.610	1.109	0.610	1.109	0.610	1.109	0.610	1.109	0.610

BUF	A-Y-r	A-Y-f

XL	0.052	0.074
X1	0.055	0.084
X2	0.058	0.083
X3	0.056	0.082
X4	0.053	0.077
X8	0.049	0.074
X12	0.050	0.074
X16	0.050	0.073
X20	0.049	0.071

XL	6.232	3.294
X1	4.514	2.430
X2	2.248	1.209
X3	1.497	0.809
X4	1.124	0.605
X8	0.554	0.304
X12	0.370	0.203
X16	0.277	0.151
X20	0.222	0.122

CLKBUF	A-Y-r	A-Y-f

XL	0.050	0.106
X1	0.056	0.059
X2	0.064	0.079
X3	0.071	0.086
X4	0.073	0.084
X8	0.067	0.079
X12	0.065	0.075
X16	0.069	0.078
X20	0.064	0.073

XL	4.083	4.225
X1	4.160	4.176
X2	2.247	2.260
X3	1.549	1.403
X4	1.125	1.065
X8	0.555	0.502
X12	0.222	0.203
X16	0.171	0.156
X20	0.139	0.121

CLKINV	A-Y-r	A-Y-f

XL	0.024	0.020
X1	0.022	0.019
X2	0.017	0.017
X3	0.016	0.015
X4	0.015	0.015
X8	0.017	0.017
X12	0.144	0.137
X16	0.142	0.148
X20	0.139	0.143

XL	5.723	4.367
X1	4.509	3.649
X2	2.254	2.251
X3	1.504	1.394
X4	1.116	1.059
X8	0.518	0.627
X12	0.209	0.240
X16	0.157	0.180
X20	0.126	0.144

DFF	CK-Q-r	CK-Q-f	CK-QN-r	CK-QN-f

XL	0.219	0.179	0.238	0.304
X1	0.197	0.166	0.221	0.280
X2	0.180	0.153	0.196	0.251
X4	0.155	0.132	0.179	0.219

XL	5.696	3.406	6.239	3.342
X1	4.288	2.469	4.518	2.444
X2	2.261	1.234	2.259	1.219
X4	1.139	0.611	1.138	0.605

DFFHQ	CK-Q-r	CK-Q-f

XL	0.204	0.206
X1	0.170	0.161
X2	0.166	0.156
X4	0.144	0.133

XL	6.246	3.517
X1	4.283	2.593
X2	2.261	1.297
X4	1.118	0.611

DFFN	CKN-Q-r	CKN-Q-f	CKN-QN-r	CKN-QN-f

XL	0.183	0.305	0.358	0.263
X1	0.143	0.261	0.315	0.226
X2	0.128	0.240	0.283	0.199
X4	0.108	0.202	0.253	0.176

XL	5.709	3.420	6.243	3.334
X1	4.289	2.552	4.519	2.444
X2	2.263	1.276	2.259	1.219
X4	1.190	0.621	1.189	0.615

DFFNR	CKN-Q-r	CKN-Q-f	RN-Q-f	CKN-QN-r	CKN-QN-f	RN-QN-r

XL	0.360	0.418	0.238	0.368	0.332	0.187
X1	0.319	0.413	0.242	0.349	0.284	0.178
X2	0.323	0.435	0.240	0.357	0.275	0.162
X4	0.281	0.368	0.208	0.300	0.230	0.141

XL	6.237	3.301	3.301	6.239	3.519	6.245
X1	4.515	2.433	2.434	4.517	2.491	4.518
X2	2.077	1.442	1.442	2.079	1.463	2.080
X4	1.137	0.615	0.615	1.138	0.625	1.139

DFFNS	CKN-Q-r	CKN-Q-f	SN-Q-r	CKN-QN-r	CKN-QN-f	SN-QN-f

XL	0.289	0.397	0.157	0.350	0.260	0.127
X1	0.266	0.389	0.146	0.328	0.230	0.110
X2	0.266	0.376	0.152	0.307	0.216	0.101
X4	0.253	0.362	0.142	0.295	0.204	0.093

XL	6.240	3.298	6.240	6.255	3.363	3.343
X1	4.516	2.430	4.518	4.522	2.441	2.439
X2	2.277	1.211	2.276	2.280	1.214	1.216
X4	1.137	0.606	1.137	1.139	0.608	0.610

DFFNSR	CKN-Q-r	CKN-Q-f	SN-Q-r	SN-Q-f	RN-Q-f	CKN-QN-r	CKN-QN-f	SN-QN-r	SN-QN-f	RN-QN-r

XL	0.364	0.428	0.183	0.186	0.271	0.369	0.329	0.127	0.145	0.212
X1	0.328	0.422	0.171	0.178	0.265	0.352	0.290	0.109	0.130	0.196
X2	0.310	0.392	0.167	0.161	0.232	0.323	0.256	0.093	0.113	0.164
X4	0.292	0.371	0.156	0.155	0.222	0.303	0.244	0.088	0.109	0.154

XL	6.238	3.093	6.237	3.093	3.094	6.260	3.581	6.278	3.387	6.279
X1	4.515	2.436	4.515	2.436	2.436	4.522	2.501	4.533	2.455	4.531
X2	2.276	1.212	2.276	1.211	1.211	2.279	1.234	2.284	1.221	2.284
X4	1.137	0.610	1.137	0.610	0.610	1.140	0.624	1.142	0.619	1.142

DFFR	CK-Q-r	CK-Q-f	RN-Q-f	CK-QN-r	CK-QN-f	RN-QN-r

XL	0.406	0.283	0.237	0.232	0.378	0.186
X1	0.379	0.312	0.242	0.247	0.344	0.179
X2	0.390	0.307	0.239	0.230	0.341	0.163
X4	0.335	0.271	0.208	0.202	0.284	0.140

XL	6.238	3.300	3.301	6.240	3.519	6.244
X1	4.515	2.434	2.434	4.519	2.492	4.518
X2	2.077	1.387	1.386	2.078	1.408	2.079
X4	1.137	0.615	0.615	1.138	0.625	1.139

DFFRHQ	CK-Q-r	CK-Q-f	RN-Q-f

XL	0.233	0.247	0.171
X1	0.192	0.173	0.137
X2	0.168	0.150	0.117
X4	0.155	0.137	0.097

XL	9.482	3.620	2.887
X1	6.727	2.468	1.947
X2	3.364	1.225	1.081
X4	1.832	0.676	0.645

DFFS	CK-Q-r	CK-Q-f	SN-Q-r	CK-QN-r	CK-QN-f	SN-QN-f

XL	0.333	0.274	0.156	0.227	0.304	0.127
X1	0.307	0.284	0.141	0.226	0.274	0.108
X2	0.322	0.287	0.153	0.216	0.271	0.103
X4	0.304	0.266	0.142	0.198	0.256	0.094

XL	6.241	3.301	6.243	6.254	3.364	3.345
X1	4.518	2.432	4.516	4.718	2.611	2.609
X2	2.194	1.210	2.193	2.197	1.214	1.217
X4	1.097	0.606	1.097	1.099	0.608	0.610

DFFSHQ	CK-Q-r	CK-Q-f	SN-Q-r

XL	0.224	0.237	0.072
X1	0.191	0.171	0.081
X2	0.171	0.148	0.082
X4	0.154	0.135	0.087

XL	6.271	4.218	3.455
X1	4.522	2.773	2.426
X2	2.251	1.383	1.251
X4	1.125	0.690	0.665

DFFSR	CK-Q-r	CK-Q-f	SN-Q-r	SN-Q-f	RN-Q-f	CK-QN-r	CK-QN-f	SN-QN-r	SN-QN-f	RN-QN-r

XL	0.401	0.307	0.181	0.184	0.276	0.248	0.368	0.126	0.144	0.218
X1	0.370	0.319	0.171	0.179	0.263	0.248	0.332	0.108	0.130	0.192
X2	0.354	0.288	0.167	0.161	0.232	0.218	0.299	0.092	0.112	0.163
X4	0.339	0.276	0.156	0.155	0.222	0.207	0.291	0.088	0.109	0.155

XL	6.236	3.310	6.233	3.311	3.311	6.258	3.576	6.278	3.386	6.275
X1	4.515	2.436	4.515	2.437	2.437	4.525	2.501	4.531	2.455	4.532
X2	2.276	1.211	2.276	1.211	1.211	2.279	1.233	2.285	1.221	2.284
X4	1.137	0.610	1.137	0.610	0.610	1.139	0.624	1.142	0.619	1.142

DFFSRHQ	CK-Q-r	CK-Q-f	SN-Q-r	SN-Q-f	RN-Q-f

XL	0.240	0.241	0.077	0.050	0.178
X1	0.198	0.165	0.083	0.052	0.131
X2	0.184	0.154	0.088	0.046	0.113
X4	0.169	0.141	0.091	0.038	0.099

XL	9.490	4.187	4.001	3.731	3.768
X1	6.732	2.761	2.834	2.480	2.481
X2	3.366	1.396	1.452	1.332	1.332
X4	1.683	0.694	0.773	0.692	0.692

DFFTR	CK-Q-r	CK-Q-f	CK-QN-r	CK-QN-f

XL	0.217	0.174	0.218	0.285
X1	0.198	0.159	0.206	0.270
X2	0.193	0.147	0.204	0.269
X4	0.156	0.133	0.181	0.223

XL	6.245	3.396	6.246	3.330
X1	4.520	2.461	4.519	2.440
X2	2.250	1.226	2.249	1.213
X4	1.125	0.612	1.124	0.606

DLY1	A-Y-r	A-Y-f

X1	0.135	0.162

X1	4.518	2.435

DLY2	A-Y-r	A-Y-f

X1	0.283	0.311

X1	4.527	2.515

DLY3	A-Y-r	A-Y-f

X1	0.476	0.469

X1	4.541	2.628

DLY4	A-Y-r	A-Y-f

X1	0.708	0.648

X1	4.564	2.771

EDFF	CK-Q-r	CK-Q-f	CK-QN-r	CK-QN-f

XL	0.231	0.182	0.257	0.340
X1	0.205	0.160	0.221	0.293
X2	0.180	0.147	0.207	0.264
X4	0.159	0.135	0.187	0.233

XL	6.242	3.396	6.249	3.427
X1	5.051	2.717	4.522	2.456
X2	2.246	1.262	2.246	1.256
X4	1.138	0.616	1.138	0.611

EDFFTR	CK-Q-r	CK-Q-f	CK-QN-r	CK-QN-f

XL	0.236	0.190	0.275	0.345
X1	0.210	0.170	0.238	0.305
X2	0.190	0.150	0.210	0.272
X4	0.168	0.134	0.188	0.243

XL	6.254	3.205	6.253	3.422
X1	4.522	2.467	4.523	2.459
X2	2.251	1.224	2.232	1.217
X4	1.138	0.616	1.137	0.612

INV	A-Y-r	A-Y-f

XL	0.023	0.015
X1	0.023	0.014
X2	0.020	0.012
X3	0.022	0.013
X4	0.018	0.011
X8	0.018	0.012
X12	0.122	0.119
X16	0.119	0.113
X20	0.117	0.110

XL	6.229	3.237
X1	4.512	2.401
X2	2.256	1.195
X3	1.507	0.798
X4	1.137	0.598
X8	0.519	0.356
X12	0.346	0.240
X16	0.260	0.180
X20	0.208	0.144

JKFF	CK-Q-r	CK-Q-f	CK-QN-r	CK-QN-f

XL	0.259	0.342	0.220	0.171
X1	0.219	0.293	0.196	0.153
X2	0.218	0.278	0.197	0.158
X4	0.190	0.248	0.170	0.138

XL	6.261	3.460	6.246	3.395
X1	4.522	2.463	4.936	2.884
X2	2.218	1.216	2.219	1.227
X4	1.040	0.722	1.040	0.726

JKFFR	CK-Q-r	CK-Q-f	RN-Q-f	CK-QN-r	CK-QN-f	RN-QN-r

XL	0.462	0.356	0.318	0.222	0.361	0.180
X1	0.421	0.361	0.299	0.234	0.332	0.169
X2	0.398	0.326	0.263	0.225	0.321	0.160
X4	0.341	0.280	0.233	0.197	0.277	0.149

XL	6.254	3.465	3.459	6.237	3.512	6.238
X1	4.523	2.487	2.484	4.515	2.608	4.517
X2	2.219	1.241	1.240	2.219	1.255	2.220
X4	1.110	0.603	0.602	1.110	0.610	1.110

JKFFS	CK-Q-r	CK-Q-f	SN-Q-r	CK-QN-r	CK-QN-f	SN-QN-f

XL	0.413	0.379	0.221	0.238	0.316	0.127
X1	0.370	0.344	0.182	0.240	0.296	0.109
X2	0.356	0.316	0.176	0.215	0.280	0.101
X4	0.347	0.285	0.165	0.205	0.281	0.100

XL	6.256	3.468	6.250	6.263	3.386	3.363
X1	4.520	2.462	4.523	4.726	2.532	2.531
X2	2.319	1.241	2.319	2.320	1.233	1.235
X4	1.040	0.722	1.039	1.041	0.723	0.725

JKFFSR	CK-Q-r	CK-Q-f	SN-Q-r	SN-Q-f	RN-Q-f	CK-QN-r	CK-QN-f	SN-QN-r	SN-QN-f	RN-QN-r

XL	0.522	0.414	0.243	0.279	0.352	0.274	0.418	0.136	0.152	0.209
X1	0.446	0.366	0.206	0.216	0.287	0.267	0.374	0.116	0.137	0.186
X2	0.429	0.346	0.184	0.205	0.270	0.254	0.360	0.113	0.118	0.177
X4	0.470	0.378	0.212	0.235	0.300	0.275	0.396	0.132	0.143	0.197

XL	6.259	3.490	6.260	3.479	3.478	6.265	3.607	6.286	3.394	6.284
X1	4.524	2.463	4.523	2.460	2.459	5.059	2.799	5.068	2.756	5.070
X2	2.249	1.219	2.250	1.218	1.219	2.254	1.243	2.258	1.224	2.258
X4	1.125	0.611	1.125	0.611	0.611	1.130	0.633	1.131	0.617	1.131

MX2	S0-Y-r	S0-Y-f	A-Y-r	A-Y-f	B-Y-r	B-Y-f

XL	0.125	0.127	0.097	0.147	0.098	0.153
X1	0.120	0.118	0.087	0.119	0.086	0.124
X2	0.121	0.110	0.078	0.109	0.080	0.115
X4	0.136	0.134	0.096	0.126	0.086	0.140

XL	6.249	3.493	6.250	3.497	6.250	3.506
X1	4.520	2.469	4.518	2.476	4.521	2.477
X2	2.236	1.228	2.236	1.229	2.236	1.229
X4	1.126	0.736	1.127	0.733	1.126	0.737

MX4	S0-Y-r	S0-Y-f	S1-Y-r	S1-Y-f	A-Y-r	A-Y-f	B-Y-r	B-Y-f	C-Y-r	C-Y-f	D-Y-r	D-Y-f

XL	0.229	0.256	0.137	0.125	0.170	0.248	0.169	0.252	0.176	0.259	0.176	0.266
X1	0.172	0.193	0.132	0.123	0.129	0.175	0.128	0.179	0.131	0.184	0.130	0.188
X2	0.159	0.187	0.127	0.120	0.120	0.166	0.125	0.173	0.125	0.178	0.125	0.182
X4	0.170	0.217	0.138	0.150	0.133	0.195	0.138	0.203	0.136	0.208	0.136	0.212

XL	6.284	3.953	6.283	3.835	6.282	3.928	6.281	3.933	6.290	3.974	6.288	3.983
X1	4.526	2.582	4.527	2.566	4.530	2.575	4.526	2.577	4.528	2.585	4.530	2.587
X2	2.239	1.278	2.239	1.270	2.240	1.272	2.240	1.272	2.241	1.279	2.240	1.279
X4	1.044	0.764	1.044	0.759	1.043	0.761	1.044	0.761	1.044	0.764	1.044	0.764

MXI2	S0-Y-r	S0-Y-f	A-Y-r	A-Y-f	B-Y-r	B-Y-f

XL	0.051	0.056	0.060	0.043	0.081	0.047
X1	0.053	0.068	0.049	0.038	0.052	0.035
X2	0.058	0.057	0.049	0.042	0.051	0.044
X4	0.053	0.062	0.046	0.041	0.051	0.038

XL	9.538	4.415	7.047	3.894	9.706	4.701
X1	4.872	2.791	4.901	2.852	4.900	2.850
X2	2.729	2.058	2.739	1.772	2.786	2.136
X4	1.305	0.884	1.312	0.903	1.309	0.900

MXI4	S0-Y-r	S0-Y-f	S1-Y-r	S1-Y-f	A-Y-r	A-Y-f	B-Y-r	B-Y-f	C-Y-r	C-Y-f	D-Y-r	D-Y-f

XL	0.251	0.302	0.136	0.138	0.263	0.247	0.265	0.246	0.243	0.236	0.247	0.235
X1	0.229	0.259	0.129	0.121	0.225	0.209	0.227	0.207	0.208	0.199	0.210	0.198
X2	0.201	0.230	0.123	0.107	0.199	0.188	0.205	0.188	0.176	0.171	0.177	0.172
X4	0.208	0.252	0.134	0.119	0.207	0.216	0.211	0.213	0.174	0.190	0.178	0.187

XL	6.253	3.534	6.250	3.525	6.252	3.534	6.253	3.534	6.251	3.526	6.253	3.525
X1	4.522	2.487	4.519	2.478	4.521	2.488	4.521	2.488	4.521	2.486	4.520	2.486
X2	2.307	1.232	2.307	1.226	2.308	1.232	2.308	1.232	2.307	1.227	2.307	1.227
X4	1.120	0.620	1.119	0.618	1.120	0.620	1.120	0.620	1.119	0.618	1.119	0.618

NAND2	A-Y-r	A-Y-f	B-Y-r	B-Y-f

XL	0.028	0.018	0.035	0.023
X1	0.027	0.017	0.034	0.021
X2	0.025	0.016	0.033	0.021
X4	0.025	0.015	0.033	0.020

XL	6.234	3.893	6.229	3.901
X1	4.512	2.782	4.512	2.786
X2	2.211	1.356	2.211	1.358
X4	1.179	0.680	1.178	0.681

NAND2B	AN-Y-r	AN-Y-f	B-Y-r	B-Y-f

XL	0.059	0.081	0.035	0.025
X1	0.064	0.090	0.034	0.024
X2	0.066	0.088	0.032	0.024
X4	0.065	0.083	0.032	0.023

XL	6.240	3.937	6.234	3.912
X1	4.518	2.738	4.516	2.724
X2	2.244	1.369	2.252	1.362
X4	1.180	0.686	1.179	0.683

NAND3	A-Y-r	A-Y-f	B-Y-r	B-Y-f	C-Y-r	C-Y-f

XL	0.041	0.029	0.050	0.036	0.059	0.039
X1	0.034	0.024	0.043	0.031	0.051	0.033
X2	0.031	0.020	0.040	0.027	0.050	0.031
X4	0.032	0.020	0.042	0.027	0.051	0.031

XL	6.234	4.396	6.233	4.403	6.236	4.404
X1	4.151	3.005	4.150	3.009	4.152	3.009
X2	2.209	1.503	2.209	1.504	2.211	1.505
X4	1.449	0.961	1.447	0.962	1.448	0.962

NAND3B	AN-Y-r	AN-Y-f	B-Y-r	B-Y-f	C-Y-r	C-Y-f

XL	0.078	0.100	0.049	0.038	0.058	0.041
X1	0.075	0.101	0.042	0.034	0.050	0.037
X2	0.071	0.087	0.040	0.030	0.049	0.034
X4	0.067	0.081	0.039	0.030	0.049	0.033

XL	6.246	4.429	6.239	4.413	6.240	4.413
X1	4.156	3.025	4.153	3.016	4.154	3.016
X2	2.212	1.512	2.211	1.508	2.212	1.508
X4	1.410	0.972	1.410	0.970	1.415	0.970

NAND4	A-Y-r	A-Y-f	B-Y-r	B-Y-f	C-Y-r	C-Y-f	D-Y-r	D-Y-f

XL	0.040	0.028	0.052	0.040	0.062	0.045	0.069	0.048
X1	0.037	0.025	0.048	0.035	0.057	0.041	0.066	0.044
X2	0.035	0.024	0.046	0.033	0.056	0.039	0.065	0.043
X4	0.035	0.024	0.046	0.033	0.056	0.039	0.066	0.043

XL	6.236	5.028	6.231	5.037	6.236	5.038	6.256	5.036
X1	4.372	3.459	4.366	3.464	4.371	3.463	4.380	3.463
X2	2.211	1.730	2.208	1.732	2.210	1.732	2.215	1.732
X4	1.106	0.865	1.104	0.866	1.105	0.866	1.107	0.866

NAND4B	AN-Y-r	AN-Y-f	B-Y-r	B-Y-f	C-Y-r	C-Y-f	D-Y-r	D-Y-f

XL	0.079	0.099	0.054	0.044	0.064	0.050	0.073	0.053
X1	0.081	0.104	0.050	0.040	0.059	0.046	0.068	0.049
X2	0.076	0.092	0.045	0.036	0.055	0.042	0.065	0.046
X4	0.075	0.090	0.045	0.036	0.055	0.042	0.066	0.046

XL	6.245	5.051	6.236	5.044	6.239	5.043	6.255	5.044
X1	4.375	3.475	4.369	3.469	4.374	3.470	4.380	3.469
X2	2.213	1.737	2.210	1.734	2.211	1.734	2.215	1.735
X4	1.106	0.869	1.105	0.867	1.106	0.867	1.107	0.868

NAND4BB	AN-Y-r	AN-Y-f	BN-Y-r	BN-Y-f	C-Y-r	C-Y-f	D-Y-r	D-Y-f

XL	0.079	0.099	0.089	0.108	0.063	0.051	0.072	0.054
X1	0.081	0.103	0.092	0.114	0.058	0.047	0.067	0.051
X2	0.077	0.093	0.089	0.104	0.055	0.044	0.065	0.049
X4	0.076	0.091	0.088	0.100	0.055	0.044	0.065	0.049

XL	6.245	5.051	6.242	5.063	6.245	5.049	6.260	5.048
X1	4.375	3.475	4.374	3.485	4.377	3.475	4.383	3.474
X2	2.211	1.737	2.212	1.740	2.214	1.736	2.217	1.737
X4	1.106	0.869	1.106	0.870	1.106	0.868	1.108	0.868

NOR2	A-Y-r	A-Y-f	B-Y-r	B-Y-f

XL	0.038	0.019	0.047	0.023
X1	0.037	0.018	0.045	0.022
X2	0.031	0.015	0.040	0.020
X4	0.031	0.016	0.039	0.020

XL	9.465	3.366	9.455	3.386
X1	6.723	2.403	6.720	2.410
X2	3.361	1.195	3.360	1.199
X4	1.649	0.597	1.648	0.599

NOR2B	AN-Y-r	AN-Y-f	B-Y-r	B-Y-f

XL	0.069	0.087	0.049	0.022
X1	0.073	0.099	0.048	0.022
X2	0.066	0.086	0.042	0.020
X4	0.066	0.088	0.042	0.020

XL	9.473	3.302	9.460	3.263
X1	6.726	2.435	6.722	2.411
X2	3.363	1.210	3.361	1.199
X4	1.642	0.605	1.641	0.600

NOR3	A-Y-r	A-Y-f	B-Y-r	B-Y-f	C-Y-r	C-Y-f

XL	0.055	0.022	0.080	0.028	0.088	0.030
X1	0.051	0.022	0.075	0.028	0.082	0.031
X2	0.044	0.020	0.069	0.026	0.077	0.030
X4	0.043	0.019	0.067	0.025	0.074	0.029

XL	12.252	3.238	12.237	3.257	12.235	3.302
X1	8.498	2.398	8.494	2.407	8.493	2.429
X2	4.248	1.193	4.247	1.197	4.247	1.207
X4	2.579	0.703	2.578	0.705	2.578	0.709

NOR3B	AN-Y-r	AN-Y-f	B-Y-r	B-Y-f	C-Y-r	C-Y-f

XL	0.088	0.095	0.082	0.028	0.089	0.030
X1	0.088	0.102	0.077	0.028	0.083	0.031
X2	0.079	0.092	0.069	0.025	0.077	0.030
X4	0.079	0.095	0.067	0.026	0.075	0.030

XL	12.258	3.300	12.237	3.258	12.234	3.301
X1	8.499	2.431	8.493	2.408	8.493	2.429
X2	4.250	1.209	4.247	1.198	4.248	1.207
X4	2.435	0.711	2.433	0.705	2.433	0.709

NOR4	A-Y-r	A-Y-f	B-Y-r	B-Y-f	C-Y-r	C-Y-f	D-Y-r	D-Y-f

XL	0.062	0.025	0.101	0.033	0.124	0.037	0.131	0.037
X1	0.054	0.024	0.094	0.033	0.115	0.039	0.121	0.039
X2	0.043	0.020	0.081	0.030	0.102	0.034	0.110	0.036
X4	0.048	0.021	0.088	0.031	0.108	0.035	0.117	0.036

XL	13.903	3.239	13.889	3.266	13.895	3.299	13.890	3.351
X1	9.471	2.402	9.468	2.413	9.468	2.428	9.467	2.454
X2	4.736	1.195	4.735	1.200	4.734	1.208	4.735	1.221
X4	2.743	0.664	2.743	0.667	2.743	0.671	2.743	0.677

NOR4B	AN-Y-r	AN-Y-f	B-Y-r	B-Y-f	C-Y-r	C-Y-f	D-Y-r	D-Y-f

XL	0.097	0.108	0.103	0.033	0.125	0.037	0.132	0.037
X1	0.092	0.108	0.096	0.033	0.117	0.039	0.123	0.040
X2	0.082	0.098	0.084	0.030	0.106	0.035	0.112	0.036
X4	0.083	0.100	0.089	0.030	0.109	0.035	0.118	0.036

XL	13.912	3.307	13.893	3.266	13.894	3.299	13.889	3.351
X1	9.475	2.430	9.469	2.411	9.468	2.429	9.468	2.454
X2	4.737	1.208	4.735	1.199	4.736	1.208	4.735	1.220
X4	2.745	0.671	2.743	0.666	2.743	0.671	2.743	0.677

NOR4BB	AN-Y-r	AN-Y-f	BN-Y-r	BN-Y-f	C-Y-r	C-Y-f	D-Y-r	D-Y-f

XL	0.101	0.108	0.147	0.119	0.132	0.038	0.140	0.039
X1	0.095	0.108	0.137	0.120	0.120	0.039	0.127	0.040
X2	0.084	0.099	0.122	0.110	0.108	0.035	0.115	0.037
X4	0.084	0.100	0.128	0.115	0.112	0.035	0.121	0.037

XL	13.905	3.301	13.902	3.303	13.892	3.302	13.891	3.350
X1	9.474	2.429	9.472	2.429	9.468	2.428	9.467	2.453
X2	4.738	1.208	4.735	1.208	4.734	1.208	4.735	1.220
X4	2.745	0.671	2.745	0.671	2.743	0.671	2.743	0.677

OAI21	A0-Y-r	A0-Y-f	A1-Y-r	A1-Y-f	B0-Y-r	B0-Y-f

XL	0.067	0.030	0.078	0.037	0.031	0.027
X1	0.064	0.028	0.074	0.035	0.029	0.026
X2	0.065	0.030	0.073	0.036	0.030	0.026
X4	0.053	0.025	0.062	0.031	0.026	0.023

XL	9.468	3.903	9.463	3.915	6.243	3.908
X1	6.723	2.717	6.722	2.722	4.520	2.718
X2	3.362	1.376	3.361	1.378	2.260	1.376
X4	1.627	0.682	1.626	0.683	1.161	0.682

OAI211	A0-Y-r	A0-Y-f	A1-Y-r	A1-Y-f	B0-Y-r	B0-Y-f	C0-Y-r	C0-Y-f

XL	0.099	0.044	0.109	0.052	0.040	0.035	0.050	0.044
X1	0.096	0.041	0.106	0.049	0.039	0.033	0.049	0.041
X2	0.092	0.040	0.100	0.047	0.037	0.031	0.047	0.039
X4	0.243	0.173	0.254	0.183	0.158	0.167	0.169	0.175

XL	9.481	4.407	9.477	4.417	6.238	4.411	6.240	4.419
X1	6.730	3.034	6.726	3.040	4.519	3.036	4.520	3.040
X2	3.365	1.510	3.364	1.517	2.338	1.516	2.337	1.518
X4	1.109	0.610	1.109	0.610	1.109	0.610	1.109	0.610

OAI22	A0-Y-r	A0-Y-f	A1-Y-r	A1-Y-f	B0-Y-r	B0-Y-f	B1-Y-r	B1-Y-f

XL	0.048	0.030	0.059	0.037	0.089	0.043	0.098	0.050
X1	0.045	0.028	0.055	0.035	0.082	0.040	0.091	0.046
X2	0.050	0.032	0.059	0.038	0.082	0.042	0.091	0.048
X4	0.046	0.031	0.054	0.037	0.075	0.040	0.083	0.046

XL	9.495	3.910	9.492	3.922	9.470	3.917	9.463	3.923
X1	6.742	2.720	6.738	2.724	6.725	2.723	6.721	2.726
X2	3.370	1.395	3.368	1.397	3.362	1.397	3.360	1.398
X4	1.631	0.701	1.631	0.702	1.627	0.701	1.626	0.702

OAI221	A0-Y-r	A0-Y-f	A1-Y-r	A1-Y-f	B0-Y-r	B0-Y-f	B1-Y-r	B1-Y-f	C0-Y-r	C0-Y-f

XL	0.088	0.051	0.099	0.059	0.124	0.060	0.133	0.067	0.041	0.044
X1	0.083	0.047	0.092	0.054	0.117	0.054	0.125	0.062	0.040	0.041
X2	0.078	0.045	0.087	0.052	0.109	0.051	0.118	0.059	0.034	0.038
X4	0.228	0.170	0.238	0.179	0.261	0.179	0.271	0.188	0.154	0.163

XL	9.494	4.420	9.489	4.426	9.499	4.420	9.497	4.427	6.252	4.420
X1	6.738	3.016	6.737	3.019	6.736	3.016	6.735	3.019	4.528	3.016
X2	3.370	1.525	3.368	1.527	3.369	1.525	3.368	1.527	2.265	1.525
X4	1.168	0.605	1.168	0.605	1.168	0.605	1.168	0.605	1.168	0.605

OAI222	A0-Y-r	A0-Y-f	A1-Y-r	A1-Y-f	B0-Y-r	B0-Y-f	B1-Y-r	B1-Y-f	C0-Y-r	C0-Y-f	C1-Y-r	C1-Y-f

XL	0.112	0.068	0.122	0.076	0.150	0.076	0.159	0.084	0.067	0.049	0.075	0.055
X1	0.104	0.062	0.113	0.070	0.141	0.069	0.149	0.077	0.063	0.045	0.072	0.052
X2	0.100	0.059	0.109	0.066	0.135	0.066	0.144	0.073	0.058	0.042	0.067	0.050
X4	0.250	0.193	0.259	0.203	0.288	0.201	0.297	0.211	0.207	0.175	0.216	0.182

XL	9.476	4.428	9.475	4.434	9.489	4.429	9.483	4.434	9.518	4.423	9.519	4.438
X1	6.731	3.020	6.730	3.022	6.731	3.020	6.731	3.022	6.754	3.017	6.754	3.025
X2	3.365	1.512	3.364	1.513	3.366	1.512	3.365	1.513	3.378	1.510	3.378	1.512
X4	1.168	0.605	1.167	0.605	1.168	0.605	1.167	0.605	1.168	0.605	1.168	0.605

OAI2BB1	A0N-Y-r	A0N-Y-f	A1N-Y-r	A1N-Y-f	B0-Y-r	B0-Y-f

XL	0.080	0.100	0.077	0.090	0.036	0.025
X1	0.085	0.111	0.082	0.101	0.034	0.024
X2	0.076	0.099	0.073	0.089	0.030	0.022
X4	0.079	0.091	0.076	0.084	0.032	0.024

XL	6.252	3.952	6.254	3.947	6.232	3.914
X1	4.523	2.746	4.524	2.744	4.514	2.725
X2	2.220	1.372	2.220	1.371	2.215	1.363
X4	1.110	0.694	1.110	0.694	1.108	0.691

OAI2BB2	A0N-Y-r	A0N-Y-f	A1N-Y-r	A1N-Y-f	B0-Y-r	B0-Y-f	B1-Y-r	B1-Y-f

XL	0.083	0.112	0.080	0.093	0.070	0.034	0.079	0.040
X1	0.088	0.122	0.085	0.104	0.064	0.032	0.073	0.038
X2	0.087	0.117	0.083	0.099	0.061	0.032	0.071	0.038
X4	0.081	0.111	0.077	0.092	0.055	0.031	0.064	0.037

XL	6.261	3.946	6.251	3.943	9.472	3.916	9.469	3.924
X1	4.530	2.742	4.525	2.742	6.725	2.725	6.722	2.729
X2	2.264	1.387	2.262	1.387	3.363	1.380	3.362	1.382
X4	1.113	0.696	1.111	0.696	1.627	0.693	1.627	0.694

OAI31	A0-Y-r	A0-Y-f	A1-Y-r	A1-Y-f	A2-Y-r	A2-Y-f	B0-Y-r	B0-Y-f

XL	0.084	0.032	0.110	0.041	0.116	0.044	0.031	0.034
X1	0.077	0.030	0.102	0.038	0.108	0.042	0.030	0.033
X2	0.077	0.030	0.101	0.038	0.108	0.042	0.028	0.031
X4	0.253	0.152	0.278	0.162	0.286	0.168	0.150	0.157

XL	12.246	3.905	12.242	3.916	12.240	3.954	6.246	3.947
X1	8.497	2.717	8.494	2.723	8.496	2.741	4.521	2.737
X2	4.249	1.359	4.247	1.361	4.248	1.371	2.261	1.369
X4	1.109	0.610	1.109	0.610	1.109	0.610	1.109	0.610

OAI32	A0-Y-r	A0-Y-f	A1-Y-r	A1-Y-f	A2-Y-r	A2-Y-f	B0-Y-r	B0-Y-f	B1-Y-r	B1-Y-f

XL	0.117	0.046	0.143	0.055	0.150	0.060	0.051	0.038	0.062	0.045
X1	0.105	0.042	0.129	0.051	0.135	0.056	0.048	0.036	0.057	0.043
X2	0.104	0.053	0.128	0.065	0.136	0.071	0.053	0.048	0.063	0.058
X4	0.289	0.168	0.314	0.178	0.321	0.184	0.196	0.161	0.206	0.168

XL	12.252	3.918	12.241	3.925	12.241	3.957	9.497	3.949	9.490	3.955
X1	8.499	2.724	8.494	2.727	8.495	2.742	6.743	2.738	6.740	2.741
X2	4.247	1.735	4.246	1.737	4.245	1.746	3.371	1.744	3.370	1.744
X4	1.109	0.610	1.109	0.610	1.109	0.610	1.109	0.610	1.109	0.610

OAI33	A0-Y-r	A0-Y-f	A1-Y-r	A1-Y-f	A2-Y-r	A2-Y-f	B0-Y-r	B0-Y-f	B1-Y-r	B1-Y-f	B2-Y-r	B2-Y-f

XL	0.074	0.043	0.099	0.052	0.107	0.058	0.142	0.057	0.168	0.067	0.174	0.072
X1	0.066	0.041	0.093	0.051	0.102	0.057	0.128	0.054	0.152	0.064	0.159	0.069
X2	0.067	0.051	0.091	0.063	0.100	0.072	0.127	0.068	0.152	0.080	0.159	0.088
X4	0.242	0.169	0.269	0.178	0.275	0.186	0.317	0.184	0.343	0.196	0.350	0.201

XL	12.294	3.938	12.290	3.947	12.286	3.978	12.247	3.954	12.242	3.955	12.241	3.981
X1	8.527	2.736	8.524	2.738	8.524	2.753	8.498	2.744	8.493	2.744	8.494	2.756
X2	4.262	1.743	4.260	1.744	4.261	1.751	4.248	1.745	4.246	1.746	4.246	1.753
X4	1.109	0.610	1.109	0.610	1.109	0.610	1.109	0.610	1.109	0.610	1.109	0.610

OR2	A-Y-r	A-Y-f	B-Y-r	B-Y-f

XL	0.059	0.117	0.065	0.130
X1	0.062	0.134	0.069	0.146
X2	0.064	0.125	0.070	0.135
X4	0.057	0.126	0.063	0.136

XL	6.238	3.383	6.243	3.384
X1	4.516	2.475	4.517	2.474
X2	2.336	1.228	2.336	1.228
X4	1.122	0.625	1.122	0.625

OR3	A-Y-r	A-Y-f	B-Y-r	B-Y-f	C-Y-r	C-Y-f

XL	0.063	0.155	0.070	0.181	0.071	0.188
X1	0.067	0.177	0.074	0.203	0.076	0.210
X2	0.068	0.165	0.077	0.190	0.080	0.197
X4	0.061	0.155	0.070	0.180	0.074	0.189

XL	6.238	3.517	6.237	3.516	6.246	3.516
X1	4.516	2.539	4.519	2.540	4.520	2.540
X2	2.277	1.257	2.278	1.257	2.279	1.257
X4	1.057	0.626	1.057	0.626	1.058	0.626

OR4	A-Y-r	A-Y-f	B-Y-r	B-Y-f	C-Y-r	C-Y-f	D-Y-r	D-Y-f

XL	0.069	0.187	0.077	0.228	0.082	0.253	0.083	0.261
X1	0.073	0.215	0.081	0.256	0.086	0.282	0.088	0.289
X2	0.071	0.182	0.081	0.220	0.086	0.243	0.088	0.249
X4	0.066	0.178	0.077	0.219	0.082	0.239	0.085	0.250

XL	6.238	3.696	6.242	3.697	6.247	3.697	6.262	3.696
X1	4.517	2.633	4.519	2.632	4.523	2.634	4.527	2.632
X2	2.277	1.285	2.278	1.286	2.279	1.285	2.284	1.285
X4	1.077	0.700	1.077	0.699	1.078	0.699	1.080	0.699

RSLAT	S-Q-r	R-Q-r	R-Q-f	S-QN-r	S-QN-f	R-QN-r

XL	0.214	0.150	0.146	0.140	0.138	0.221
X1	0.201	0.150	0.138	0.141	0.132	0.206
X2	0.189	0.144	0.131	0.143	0.132	0.192
X4	0.177	0.131	0.124	0.127	0.121	0.179

XL	6.253	6.251	3.350	6.252	3.346	6.256
X1	4.522	4.522	2.441	4.523	2.440	4.524
X2	2.250	2.251	1.211	2.251	1.211	2.251
X4	1.110	1.110	0.610	1.110	0.610	1.110

RSLATN	SN-Q-r	SN-Q-f	RN-Q-f	SN-QN-f	RN-QN-r	RN-QN-f

XL	0.138	0.192	0.286	0.288	0.142	0.197
X1	0.147	0.176	0.283	0.277	0.154	0.182
X2	0.138	0.159	0.253	0.248	0.140	0.160
X4	0.127	0.146	0.231	0.230	0.128	0.146

XL	6.250	3.276	3.277	3.285	6.248	3.285
X1	4.519	2.484	2.484	2.485	4.522	2.486
X2	2.250	1.228	1.228	1.227	2.250	1.228
X4	1.125	0.612	0.613	0.613	1.125	0.613

SDFF	CK-Q-r	CK-Q-f	CK-QN-r	CK-QN-f

XL	0.227	0.188	0.246	0.312
X1	0.200	0.170	0.225	0.282
X2	0.184	0.154	0.197	0.255
X4	0.155	0.134	0.180	0.219

XL	5.696	3.407	6.241	3.340
X1	4.287	2.551	4.521	2.442
X2	2.262	1.275	2.258	1.219
X4	1.140	0.611	1.139	0.605

SDFFHQ	CK-Q-r	CK-Q-f

XL	0.207	0.209
X1	0.175	0.167
X2	0.174	0.162
X4	0.148	0.136

XL	6.252	3.518
X1	4.282	2.594
X2	2.261	1.298
X4	1.118	0.611

SDFFN	CKN-Q-r	CKN-Q-f	CKN-QN-r	CKN-QN-f

XL	0.179	0.299	0.357	0.264
X1	0.145	0.263	0.317	0.227
X2	0.131	0.241	0.283	0.201
X4	0.110	0.205	0.252	0.174

XL	5.701	3.406	6.241	3.341
X1	4.288	2.552	4.520	2.443
X2	2.261	1.276	2.260	1.219
X4	1.140	0.612	1.139	0.605

SDFFNR	CKN-Q-r	CKN-Q-f	RN-Q-f	CKN-QN-r	CKN-QN-f	RN-QN-r

XL	0.368	0.426	0.238	0.375	0.340	0.187
X1	0.324	0.418	0.243	0.353	0.289	0.179
X2	0.328	0.440	0.239	0.362	0.278	0.161
X4	0.284	0.374	0.212	0.305	0.235	0.144

XL	6.240	3.300	3.301	6.237	3.516	6.242
X1	4.517	2.434	2.434	4.516	2.490	4.518
X2	2.077	1.345	1.344	2.078	1.366	2.080
X4	1.137	0.615	0.615	1.138	0.625	1.139

SDFFNS	CKN-Q-r	CKN-Q-f	SN-Q-r	CKN-QN-r	CKN-QN-f	SN-QN-f

XL	0.292	0.398	0.156	0.350	0.262	0.126
X1	0.267	0.392	0.147	0.330	0.230	0.109
X2	0.271	0.379	0.151	0.311	0.220	0.101
X4	0.255	0.362	0.142	0.294	0.206	0.093

XL	6.241	3.299	6.239	6.253	3.362	3.342
X1	4.518	2.431	4.515	4.522	2.441	2.439
X2	2.276	1.211	2.276	2.279	1.214	1.216
X4	1.137	0.606	1.137	1.139	0.608	0.610

SDFFNSR	CKN-Q-r	CKN-Q-f	SN-Q-r	SN-Q-f	RN-Q-f	CKN-QN-r	CKN-QN-f	SN-QN-r	SN-QN-f	RN-QN-r

XL	0.361	0.425	0.182	0.186	0.277	0.366	0.327	0.127	0.145	0.218
X1	0.327	0.421	0.171	0.179	0.266	0.350	0.289	0.109	0.130	0.195
X2	0.319	0.389	0.166	0.160	0.229	0.321	0.265	0.092	0.113	0.161
X4	0.291	0.366	0.156	0.155	0.223	0.298	0.243	0.088	0.109	0.155

XL	6.235	3.311	6.237	3.312	3.312	6.259	3.580	6.278	3.386	6.278
X1	4.516	2.437	4.517	2.437	2.437	4.522	2.501	4.533	2.455	4.532
X2	2.276	1.211	2.276	1.211	1.211	2.279	1.239	2.284	1.221	2.285
X4	1.137	0.610	1.137	0.610	0.610	1.139	0.624	1.142	0.618	1.142

SDFFR	CK-Q-r	CK-Q-f	RN-Q-f	CK-QN-r	CK-QN-f	RN-QN-r

XL	0.412	0.291	0.238	0.240	0.384	0.187
X1	0.382	0.315	0.243	0.250	0.347	0.179
X2	0.388	0.307	0.238	0.228	0.340	0.161
X4	0.335	0.272	0.211	0.203	0.283	0.143

XL	6.239	3.300	3.301	6.237	3.517	6.241
X1	4.516	2.434	2.434	4.516	2.490	4.519
X2	2.077	1.344	1.345	2.078	1.471	2.079
X4	1.137	0.615	0.615	1.138	0.625	1.138

SDFFRHQ	CK-Q-r	CK-Q-f	RN-Q-f

XL	0.236	0.251	0.171
X1	0.196	0.175	0.137
X2	0.172	0.151	0.117
X4	0.158	0.139	0.096

XL	9.483	3.620	2.885
X1	6.726	2.467	1.941
X2	3.364	1.225	1.081
X4	1.832	0.676	0.646

SDFFS	CK-Q-r	CK-Q-f	SN-Q-r	CK-QN-r	CK-QN-f	SN-QN-f

XL	0.329	0.274	0.156	0.226	0.299	0.126
X1	0.311	0.292	0.142	0.234	0.278	0.108
X2	0.329	0.293	0.152	0.223	0.279	0.102
X4	0.306	0.268	0.141	0.200	0.258	0.094

XL	6.239	3.299	6.239	6.254	3.361	3.341
X1	4.516	2.432	4.517	4.721	2.696	2.695
X2	2.248	1.210	2.248	2.251	1.215	1.217
X4	1.109	0.609	1.109	1.111	0.611	0.614

SDFFSHQ	CK-Q-r	CK-Q-f	SN-Q-r

XL	0.231	0.268	0.071
X1	0.193	0.173	0.081
X2	0.174	0.151	0.082
X4	0.155	0.136	0.087

XL	6.272	4.293	3.443
X1	4.523	2.772	2.424
X2	2.250	1.382	1.251
X4	1.125	0.690	0.665

SDFFSR	CK-Q-r	CK-Q-f	SN-Q-r	SN-Q-f	RN-Q-f	CK-QN-r	CK-QN-f	SN-QN-r	SN-QN-f	RN-QN-r

XL	0.402	0.307	0.181	0.185	0.276	0.248	0.369	0.127	0.144	0.218
X1	0.368	0.319	0.171	0.178	0.264	0.248	0.330	0.109	0.130	0.194
X2	0.366	0.285	0.166	0.160	0.228	0.216	0.312	0.091	0.112	0.159
X4	0.341	0.275	0.156	0.155	0.223	0.207	0.293	0.088	0.109	0.155

XL	6.237	3.310	6.233	3.311	3.311	6.260	3.577	6.276	3.386	6.275
X1	4.514	2.437	4.514	2.437	2.437	4.524	2.501	4.531	2.455	4.531
X2	2.276	1.211	2.276	1.211	1.211	2.279	1.239	2.283	1.220	2.283
X4	1.137	0.610	1.137	0.610	0.610	1.139	0.624	1.142	0.618	1.142

SDFFSRHQ	CK-Q-r	CK-Q-f	SN-Q-r	SN-Q-f	RN-Q-f

XL	0.245	0.247	0.077	0.049	0.177
X1	0.204	0.170	0.084	0.051	0.128
X2	0.188	0.158	0.088	0.048	0.114
X4	0.174	0.143	0.090	0.038	0.099

XL	9.492	4.196	4.006	3.736	3.773
X1	6.731	2.761	2.838	2.484	2.484
X2	3.365	1.432	1.451	1.362	1.361
X4	1.683	0.717	0.771	0.712	0.712

SDFFTR	CK-Q-r	CK-Q-f	CK-QN-r	CK-QN-f

XL	0.218	0.179	0.225	0.286
X1	0.192	0.160	0.207	0.265
X2	0.193	0.150	0.206	0.267
X4	0.157	0.137	0.186	0.227

XL	6.246	3.185	6.242	3.328
X1	4.520	2.631	4.518	2.441
X2	2.250	1.225	2.249	1.213
X4	1.110	0.617	1.109	0.610

SEDFF	CK-Q-r	CK-Q-f	CK-QN-r	CK-QN-f

XL	0.223	0.180	0.254	0.326
X1	0.203	0.160	0.221	0.291
X2	0.175	0.144	0.204	0.258
X4	0.157	0.135	0.192	0.233

XL	6.240	3.408	6.246	3.410
X1	4.936	2.636	4.519	2.455
X2	2.250	1.263	2.249	1.255
X4	1.110	0.598	1.109	0.592

SEDFFHQ	CK-Q-r	CK-Q-f

XL	0.260	0.306
X1	0.173	0.215
X2	0.165	0.202
X4	0.139	0.182

XL	6.247	3.443
X1	4.517	2.433
X2	2.218	1.223
X4	1.109	0.612

SEDFFTR	CK-Q-r	CK-Q-f	CK-QN-r	CK-QN-f

XL	0.316	0.342	0.203	0.217
X1	0.197	0.227	0.161	0.150
X2	0.217	0.234	0.169	0.171
X4	0.257	0.253	0.186	0.212

XL	6.253	3.478	6.260	3.611
X1	4.516	2.435	4.519	2.466
X2	2.281	1.261	2.284	1.288
X4	1.109	0.605	1.113	0.633

TBUF	A-Y-r	A-Y-f	OE-Y-r	OE-Y-f

XL	0.092	0.148	0.063	0.103
X1	0.099	0.162	0.068	0.108
X2	0.101	0.143	0.075	0.103
X3	0.098	0.135	0.078	0.098
X4	0.092	0.129	0.073	0.100
X8	0.088	0.118	0.070	0.095
X12	0.080	0.113	0.066	0.095
X16	0.080	0.114	0.064	0.093
X20	0.080	0.110	0.065	0.091

XL	6.248	4.376	6.242	4.365
X1	4.527	2.532	4.522	2.522
X2	2.342	1.282	2.340	1.276
X3	1.549	0.811	1.548	0.806
X4	1.142	0.626	1.142	0.623
X8	0.571	0.330	0.571	0.330
X12	0.371	0.226	0.370	0.225
X16	0.278	0.169	0.278	0.169
X20	0.229	0.131	0.229	0.130

TBUFI	A-Y-r	A-Y-f	OE-Y-r	OE-Y-f

XL	0.062	0.029	0.060	0.019
X1	0.062	0.030	0.060	0.019
X2	0.055	0.026	0.059	0.015
X3	0.179	0.176	0.079	0.101
X4	0.170	0.165	0.078	0.097
X8	0.154	0.155	0.067	0.096
X12	0.149	0.153	0.067	0.096
X16	0.142	0.149	0.065	0.094
X20	0.143	0.146	0.066	0.092

XL	6.724	2.665	6.750	2.661
X1	6.719	2.722	6.731	2.723
X2	3.361	1.362	3.366	1.363
X3	1.525	0.813	1.523	0.809
X4	1.178	0.634	1.177	0.631
X8	0.600	0.299	0.600	0.298
X12	0.371	0.214	0.370	0.213
X16	0.278	0.159	0.278	0.159
X20	0.229	0.123	0.229	0.122

TLAT	D-Q-r	D-Q-f	G-Q-r	G-Q-f	D-QN-r	D-QN-f	G-QN-r	G-QN-f

XL	0.089	0.146	0.182	0.157	0.193	0.160	0.205	0.254
X1	0.086	0.149	0.173	0.156	0.201	0.165	0.209	0.252
X2	0.079	0.134	0.179	0.150	0.200	0.168	0.216	0.270
X4	0.070	0.124	0.152	0.137	0.193	0.162	0.206	0.245

XL	6.248	3.398	6.245	3.394	6.244	3.336	6.246	3.336
X1	4.522	2.471	4.519	2.469	4.520	2.444	4.518	2.444
X2	2.278	1.227	2.279	1.226	2.277	1.219	2.277	1.219
X4	1.153	0.617	1.152	0.617	1.152	0.614	1.152	0.614

TLATN	D-Q-r	D-Q-f	GN-Q-r	GN-Q-f	D-QN-r	D-QN-f	GN-QN-r	GN-QN-f

XL	0.088	0.145	0.156	0.235	0.193	0.160	0.284	0.229
X1	0.083	0.144	0.135	0.223	0.197	0.162	0.276	0.215
X2	0.078	0.136	0.136	0.225	0.202	0.169	0.292	0.228
X4	0.069	0.125	0.113	0.210	0.195	0.161	0.279	0.206

XL	6.251	3.397	6.250	3.395	6.247	3.336	6.245	3.335
X1	4.519	2.465	4.522	2.465	4.518	2.444	4.518	2.445
X2	2.251	1.228	2.251	1.228	2.249	1.219	2.249	1.219
X4	1.152	0.617	1.153	0.617	1.152	0.615	1.152	0.614

TLATNR	D-Q-r	D-Q-f	GN-Q-r	GN-Q-f	RN-Q-r	RN-Q-f	D-QN-r	D-QN-f	GN-QN-r	GN-QN-f	RN-QN-r	RN-QN-f

XL	0.129	0.214	0.200	0.309	0.126	0.139	0.265	0.208	0.361	0.280	0.193	0.206
X1	0.124	0.211	0.197	0.309	0.120	0.160	0.266	0.210	0.365	0.284	0.214	0.207
X2	0.107	0.190	0.170	0.283	0.102	0.232	0.259	0.202	0.352	0.265	0.303	0.196
X4	0.099	0.175	0.153	0.271	0.092	0.370	0.247	0.199	0.343	0.253	0.458	0.192

XL	6.272	3.545	6.273	3.544	6.272	3.431	6.248	3.353	6.248	3.354	6.247	3.354
X1	4.532	2.524	4.530	2.524	4.532	2.511	4.521	2.452	4.521	2.453	4.519	2.452
X2	2.255	1.249	2.256	1.249	2.255	1.306	2.249	1.220	2.249	1.220	2.248	1.220
X4	1.113	0.627	1.114	0.627	1.113	0.721	1.110	0.615	1.110	0.615	1.110	0.615

TLATNS	D-Q-r	D-Q-f	GN-Q-r	GN-Q-f	SN-Q-r	SN-Q-f	D-QN-r	D-QN-f	GN-QN-r	GN-QN-f	SN-QN-r	SN-QN-f

XL	0.134	0.289	0.218	0.378	0.193	0.322	0.361	0.229	0.450	0.314	0.393	0.287
X1	0.125	0.283	0.185	0.353	0.205	0.315	0.345	0.233	0.417	0.295	0.377	0.312
X2	0.108	0.251	0.171	0.330	0.233	0.277	0.325	0.210	0.405	0.274	0.351	0.338
X4	0.102	0.235	0.151	0.300	0.311	0.259	0.309	0.201	0.374	0.251	0.333	0.422

XL	6.279	3.632	6.276	3.633	6.247	3.633	6.242	3.155	6.244	3.154	6.244	3.150
X1	4.533	2.716	4.536	2.715	4.522	2.716	4.520	2.464	4.521	2.463	4.523	2.461
X2	2.255	1.289	2.256	1.289	2.256	1.290	2.249	1.223	2.249	1.223	2.250	1.223
X4	1.113	0.646	1.114	0.646	1.119	0.646	1.110	0.615	1.109	0.615	1.109	0.616

TLATNSR	D-Q-r	D-Q-f	GN-Q-r	GN-Q-f	SN-Q-r	SN-Q-f	RN-Q-r	RN-Q-f	D-QN-r	D-QN-f	GN-QN-r	GN-QN-f	SN-QN-r	SN-QN-f	RN-QN-r	RN-QN-f

XL	0.172	0.329	0.243	0.400	0.222	0.360	0.168	0.242	0.400	0.272	0.473	0.345	0.432	0.321	0.312	0.269
X1	0.161	0.323	0.210	0.380	0.205	0.352	0.158	0.235	0.387	0.275	0.445	0.325	0.416	0.315	0.297	0.271
X2	0.154	0.293	0.203	0.361	0.180	0.319	0.150	0.211	0.368	0.256	0.437	0.306	0.394	0.280	0.281	0.253
X4	0.139	0.272	0.180	0.341	0.173	0.298	0.135	0.192	0.346	0.241	0.416	0.284	0.372	0.273	0.261	0.238

XL	6.310	4.023	6.312	4.027	6.259	4.006	6.314	3.901	6.246	3.375	6.246	3.377	6.248	3.367	6.244	3.376
X1	4.548	2.801	4.546	2.802	4.527	2.794	4.548	2.763	4.520	2.466	4.521	2.466	4.520	2.463	4.520	2.467
X2	2.262	1.339	2.262	1.338	2.253	1.335	2.261	1.318	2.249	1.222	2.249	1.222	2.249	1.221	2.250	1.222
X4	1.116	0.667	1.116	0.668	1.111	0.666	1.115	0.659	1.110	0.616	1.110	0.615	1.110	0.615	1.110	0.615

TLATR	D-Q-r	D-Q-f	G-Q-r	G-Q-f	RN-Q-r	RN-Q-f	D-QN-r	D-QN-f	G-QN-r	G-QN-f	RN-QN-r	RN-QN-f

XL	0.131	0.215	0.229	0.220	0.127	0.141	0.267	0.210	0.273	0.310	0.194	0.207
X1	0.125	0.212	0.221	0.218	0.121	0.160	0.267	0.211	0.274	0.309	0.215	0.207
X2	0.108	0.190	0.215	0.201	0.102	0.232	0.259	0.203	0.271	0.310	0.304	0.197
X4	0.101	0.174	0.210	0.184	0.094	0.370	0.246	0.201	0.257	0.310	0.457	0.194

XL	6.268	3.552	6.269	3.550	6.270	3.434	6.245	3.353	6.247	3.356	6.246	3.354
X1	4.531	2.527	4.531	2.526	4.530	2.513	4.520	2.451	4.522	2.452	4.521	2.452
X2	2.255	1.249	2.254	1.249	2.255	1.307	2.248	1.220	2.248	1.220	2.249	1.220
X4	1.113	0.627	1.113	0.627	1.113	0.721	1.110	0.615	1.110	0.615	1.109	0.615

TLATNS	D-Q-r	D-Q-f	G-Q-r	G-Q-f	SN-Q-r	SN-Q-f	D-QN-r	D-QN-f	G-QN-r	G-QN-f	SN-QN-r	SN-QN-f

XL	0.134	0.287	0.246	0.266	0.192	0.320	0.359	0.229	0.339	0.343	0.392	0.287
X1	0.126	0.282	0.236	0.257	0.203	0.314	0.343	0.234	0.319	0.346	0.375	0.311
X2	0.110	0.250	0.222	0.237	0.233	0.276	0.325	0.212	0.312	0.325	0.352	0.339
X4	0.104	0.233	0.202	0.219	0.311	0.257	0.307	0.203	0.294	0.301	0.332	0.422

XL	6.279	3.627	6.278	3.628	6.244	3.629	6.244	3.156	6.246	3.155	6.245	3.151
X1	4.534	2.798	4.532	2.798	4.523	2.798	4.520	2.464	4.520	2.464	4.520	2.464
X2	2.255	1.290	2.254	1.289	2.256	1.290	2.250	1.223	2.250	1.223	2.250	1.224
X4	1.113	0.646	1.113	0.646	1.119	0.646	1.110	0.615	1.110	0.615	1.110	0.616

TLATSR	D-Q-r	D-Q-f	G-Q-r	G-Q-f	SN-Q-r	SN-Q-f	RN-Q-r	RN-Q-f	D-QN-r	D-QN-f	G-QN-r	G-QN-f	SN-QN-r	SN-QN-f	RN-QN-r	RN-QN-f

XL	0.173	0.330	0.273	0.321	0.222	0.362	0.169	0.243	0.402	0.273	0.394	0.375	0.433	0.322	0.313	0.269
X1	0.164	0.326	0.258	0.313	0.206	0.355	0.160	0.238	0.389	0.276	0.377	0.372	0.418	0.316	0.299	0.273
X2	0.155	0.293	0.251	0.281	0.180	0.318	0.151	0.211	0.370	0.259	0.360	0.357	0.396	0.282	0.283	0.256
X4	0.140	0.271	0.228	0.260	0.172	0.296	0.137	0.192	0.345	0.242	0.334	0.331	0.371	0.272	0.261	0.239

XL	6.311	4.029	6.312	4.030	6.260	4.012	6.311	3.906	6.242	3.375	6.247	3.377	6.245	3.367	6.243	3.376
X1	4.548	2.808	4.546	2.808	4.529	2.801	4.547	2.765	4.519	2.466	4.520	2.467	4.521	2.463	4.521	2.467
X2	2.262	1.338	2.261	1.339	2.253	1.335	2.263	1.319	2.249	1.222	2.250	1.222	2.250	1.222	2.250	1.223
X4	1.116	0.667	1.115	0.668	1.112	0.666	1.116	0.659	1.110	0.615	1.110	0.615	1.110	0.615	1.110	0.615

TTLAT	D-Q-r	D-Q-f	G-Q-r	G-Q-f	OE-Q-r	OE-Q-f

XL	0.118	0.175	0.216	0.191	0.028	0.016
X1	0.101	0.147	0.198	0.163	0.023	0.016
X2	0.103	0.146	0.198	0.162	0.017	0.012
X4	0.113	0.179	0.180	0.185	0.021	0.014

XL	8.134	5.085	8.139	5.081	8.065	4.994
X1	2.678	1.629	2.679	1.627	2.637	1.586
X2	1.394	0.808	1.394	0.807	1.372	0.786
X4	0.718	0.460	0.719	0.460	0.708	0.445

XNOR2	A-Y-r	A-Y-f	B-Y-r	B-Y-f

XL	0.131	0.124	0.183	0.192
X1	0.126	0.111	0.124	0.139
X2	0.131	0.101	0.107	0.123
X4	0.118	0.103	0.105	0.122

XL	6.246	3.500	6.252	3.493
X1	4.522	2.466	4.520	2.474
X2	2.249	1.221	2.249	1.226
X4	1.214	0.576	1.214	0.578

XOR2	A-Y-r	A-Y-f	B-Y-r	B-Y-f

XL	0.130	0.125	0.177	0.183
X1	0.117	0.114	0.121	0.140
X2	0.122	0.113	0.106	0.127
X4	0.105	0.107	0.101	0.124

XL	6.251	3.255	6.248	3.256
X1	4.516	2.474	4.518	2.474
X2	2.248	1.226	2.250	1.226
X4	1.213	0.578	1.214	0.578

